1671847856219 1.1678280385676674 0
1671847856332 0.9948061137445503 1
1671847856382 0.8665247810053648 2
1671847856424 0.7703516500446144 3
1671847856461 0.6971676023857121 4
1671847856487 0.6388950696034024 5
1671847856518 0.5903589257823284 6
1671847856548 0.5509815370258808 7
1671847856575 0.5167003562409551 8
1671847856604 0.48810750868619646 9
1671847856635 0.46262286775538797 10
1671847856674 0.43997716244854806 11
1671847856699 0.4200362511559473 12
1671847856731 0.4023918552557177 13
1671847856754 0.38610533884130627 14
1671847856785 0.37165777983890114 15
1671847856813 0.35844040223822937 16
1671847856841 0.346547399874108 17
1671847856867 0.3354336396772997 18
1671847856896 0.3252324127902387 19
1671847856926 0.31599098797893754 20
1671847856960 0.3075452375744274 21
1671847856985 0.2994288475088416 22
1671847857011 0.29195403665715675 23
1671847857037 0.28497336202075785 24
1671847857060 0.2785780497920061 25
1671847857079 0.27264048387070317 26
1671847857102 0.26686810219020035 27
1671847857126 0.26160288910756496 28
1671847857149 0.256505480772248 29
1671847857174 0.25190709950093493 30
1671847857203 0.24750658319787047 31
1671847857230 0.2435209498369427 32
1671847857257 0.23947760141034477 33
1671847857281 0.23571297635312513 34
1671847857306 0.2320637932741636 35
1671847857335 0.22877934640654887 36
1671847857368 0.2256134802372604 37
1671847857403 0.22274412188503884 38
1671847857431 0.21989819093666144 39
1671847857457 0.2171973906901121 40
1671847857490 0.2145025456152719 41
1671847857527 0.21207660890121727 42
1671847857551 0.20981517242323064 43
1671847857577 0.20757836111570815 44
1671847857600 0.2053303147500604 45
1671847857624 0.20334211306420824 46
1671847857645 0.20137543044234638 47
1671847857671 0.1995915302402472 48
1671847857696 0.19780606892775937 49
1671847857723 0.19609568765912247 50
1671847857757 0.19438288281575672 51
1671847857787 0.1928412603162713 52
1671847857812 0.19132073522079568 53
1671847857839 0.18987225761716556 54
1671847857875 0.1883897875246646 55
1671847857907 0.1869790276886804 56
1671847857932 0.1858047583521949 57
1671847857963 0.18453406988190274 58
1671847857989 0.18341193552444038 59
1671847858015 0.18220829327309576 60
1671847858053 0.1811760482626946 61
1671847858082 0.18009027764403435 62
1671847858114 0.17910010771571783 63
1671847858141 0.1781296982943653 64
1671847858168 0.17716119419761975 65
1671847858196 0.17629242937663805 66
1671847858226 0.17541871181250032 67
1671847858257 0.17452067835622745 68
1671847858284 0.17367966405452578 69
1671847858311 0.1729098718945875 70
1671847858345 0.17217914218317618 71
1671847858370 0.1714001096203065 72
1671847858395 0.17077605214524227 73
1671847858422 0.17012740805195156 74
1671847858447 0.16955515991352732 75
1671847858474 0.16887094855674675 76
1671847858500 0.16816926945109814 77
1671847858526 0.16747529973780742 78
1671847858552 0.1669824043207253 79
1671847858578 0.1664282644258464 80
1671847858611 0.16587268736101946 81
1671847858639 0.16533988442882988 82
1671847858665 0.16476708773905202 83
1671847858692 0.16427560339751532 84
1671847858715 0.1637669591830894 85
1671847858739 0.16325204210504646 86
1671847858763 0.16287305460491602 87
1671847858790 0.16249550107411734 88
1671847858817 0.16201958821730925 89
1671847858845 0.16159845777395251 90
1671847858882 0.16121846781967059 91
1671847858909 0.1608563987041739 92
1671847858937 0.16051230115089232 93
1671847858959 0.1601257459059775 94
1671847858981 0.15985702808625435 95
1671847859003 0.15960205608350758 96
1671847859027 0.15934155828666519 97
1671847859050 0.158993181837656 98
1671847859073 0.15864676336509936 99
