1671837171307 1.1678280385676674 0
1671837171367 0.9948061137445503 1
1671837171394 0.8665247810053648 2
1671837171417 0.7703516500446144 3
1671837171441 0.6971676023857121 4
1671837171517 0.6388950696034024 5
1671837171547 0.5903589257823284 6
1671837171573 0.5509815370258808 7
1671837171595 0.5167003562409551 8
1671837171618 0.48810750868619646 9
1671837171642 0.46262286775538797 10
1671837171669 0.43997716244854806 11
1671837171694 0.4200362511559473 12
1671837171715 0.4023918552557177 13
1671837171734 0.38610533884130627 14
1671837171752 0.37165777983890114 15
1671837171776 0.35844040223822937 16
1671837171801 0.346547399874108 17
1671837171828 0.3354336396772997 18
1671837171849 0.3252324127902387 19
1671837171873 0.31599098797893754 20
1671837171901 0.3075452375744274 21
1671837171928 0.2994288475088416 22
1671837171954 0.29195403665715675 23
1671837171981 0.28497336202075785 24
1671837172016 0.2785780497920061 25
1671837172041 0.27264048387070317 26
1671837172065 0.26686810219020035 27
1671837172089 0.26160288910756496 28
1671837172112 0.256505480772248 29
1671837172134 0.25190709950093493 30
1671837172160 0.24750658319787047 31
1671837172185 0.2435209498369427 32
1671837172211 0.23947760141034477 33
1671837172236 0.23571297635312513 34
1671837172258 0.2320637932741636 35
1671837172281 0.22877934640654887 36
1671837172306 0.2256134802372604 37
1671837172330 0.22274412188503884 38
1671837172352 0.21989819093666144 39
1671837172372 0.2171973906901121 40
1671837172396 0.2145025456152719 41
1671837172419 0.21207660890121727 42
1671837172444 0.20981517242323064 43
1671837172469 0.20757836111570815 44
1671837172493 0.2053303147500604 45
1671837172514 0.20334211306420824 46
1671837172537 0.20137543044234638 47
1671837172561 0.1995915302402472 48
1671837172584 0.19780606892775937 49
1671837172609 0.19609568765912247 50
1671837172640 0.19438288281575672 51
1671837172666 0.1928412603162713 52
1671837172690 0.19132073522079568 53
1671837172712 0.18987225761716556 54
1671837172739 0.1883897875246646 55
1671837172762 0.1869790276886804 56
1671837172787 0.1858047583521949 57
1671837172812 0.18453406988190274 58
1671837172833 0.18341193552444038 59
1671837172852 0.18220829327309576 60
1671837172876 0.1811760482626946 61
1671837172900 0.18009027764403435 62
1671837172922 0.17910010771571783 63
1671837172942 0.1781296982943653 64
1671837172965 0.17716119419761975 65
1671837172987 0.17629242937663805 66
1671837173009 0.17541871181250032 67
1671837173030 0.17452067835622745 68
1671837173053 0.17367966405452578 69
1671837173073 0.1729098718945875 70
1671837173099 0.17217914218317618 71
1671837173123 0.1714001096203065 72
1671837173144 0.17077605214524227 73
1671837173168 0.17012740805195156 74
1671837173193 0.16955515991352732 75
1671837173217 0.16887094855674675 76
1671837173239 0.16816926945109814 77
1671837173262 0.16747529973780742 78
1671837173284 0.1669824043207253 79
1671837173305 0.1664282644258464 80
1671837173326 0.16587268736101946 81
1671837173349 0.16533988442882988 82
1671837173370 0.16476708773905202 83
1671837173392 0.16427560339751532 84
1671837173414 0.1637669591830894 85
1671837173437 0.16325204210504646 86
1671837173458 0.16287305460491602 87
1671837173481 0.16249550107411734 88
1671837173506 0.16201958821730925 89
1671837173528 0.16159845777395251 90
1671837173552 0.16121846781967059 91
1671837173575 0.1608563987041739 92
1671837173597 0.16051230115089232 93
1671837173620 0.1601257459059775 94
1671837173645 0.15985702808625435 95
1671837173667 0.15960205608350758 96
1671837173689 0.15934155828666519 97
1671837173711 0.158993181837656 98
1671837173734 0.15864676336509936 99
