1671835741715 1.1678280385676674 0
1671835741759 0.9948061137445503 1
1671835741783 0.8665247810053648 2
1671835741816 0.7703516500446144 3
1671835741838 0.6971676023857121 4
1671835741863 0.6388950696034024 5
1671835741886 0.5903589257823284 6
1671835741911 0.5509815370258808 7
1671835741936 0.5167003562409551 8
1671835741957 0.48810750868619646 9
1671835741980 0.46262286775538797 10
1671835742015 0.43997716244854806 11
1671835742039 0.4200362511559473 12
1671835742060 0.4023918552557177 13
1671835742082 0.38610533884130627 14
1671835742103 0.37165777983890114 15
1671835742123 0.35844040223822937 16
1671835742147 0.346547399874108 17
1671835742171 0.3354336396772997 18
1671835742195 0.3252324127902387 19
1671835742217 0.31599098797893754 20
1671835742245 0.3075452375744274 21
1671835742273 0.2994288475088416 22
1671835742298 0.29195403665715675 23
1671835742323 0.28497336202075785 24
1671835742353 0.2785780497920061 25
1671835742382 0.27264048387070317 26
1671835742410 0.26686810219020035 27
1671835742434 0.26160288910756496 28
1671835742459 0.256505480772248 29
1671835742480 0.25190709950093493 30
1671835742506 0.24750658319787047 31
1671835742530 0.2435209498369427 32
1671835742552 0.23947760141034477 33
1671835742575 0.23571297635312513 34
1671835742596 0.2320637932741636 35
1671835742618 0.22877934640654887 36
1671835742641 0.2256134802372604 37
1671835742664 0.22274412188503884 38
1671835742687 0.21989819093666144 39
1671835742710 0.2171973906901121 40
1671835742738 0.2145025456152719 41
1671835742764 0.21207660890121727 42
1671835742790 0.20981517242323064 43
1671835742813 0.20757836111570815 44
1671835742839 0.2053303147500604 45
1671835742864 0.20334211306420824 46
1671835742889 0.20137543044234638 47
1671835742914 0.1995915302402472 48
1671835742943 0.19780606892775937 49
1671835742972 0.19609568765912247 50
1671835743009 0.19438288281575672 51
1671835743041 0.1928412603162713 52
1671835743067 0.19132073522079568 53
1671835743091 0.18987225761716556 54
1671835743115 0.1883897875246646 55
1671835743139 0.1869790276886804 56
1671835743163 0.1858047583521949 57
1671835743188 0.18453406988190274 58
1671835743216 0.18341193552444038 59
1671835743239 0.18220829327309576 60
1671835743269 0.1811760482626946 61
1671835743296 0.18009027764403435 62
1671835743320 0.17910010771571783 63
1671835743342 0.1781296982943653 64
1671835743363 0.17716119419761975 65
1671835743387 0.17629242937663805 66
1671835743408 0.17541871181250032 67
1671835743429 0.17452067835622745 68
1671835743449 0.17367966405452578 69
1671835743470 0.1729098718945875 70
1671835743494 0.17217914218317618 71
1671835743515 0.1714001096203065 72
1671835743539 0.17077605214524227 73
1671835743569 0.17012740805195156 74
1671835743591 0.16955515991352732 75
1671835743614 0.16887094855674675 76
1671835743636 0.16816926945109814 77
1671835743665 0.16747529973780742 78
1671835743687 0.1669824043207253 79
1671835743707 0.1664282644258464 80
1671835743732 0.16587268736101946 81
1671835743758 0.16533988442882988 82
1671835743780 0.16476708773905202 83
1671835743805 0.16427560339751532 84
1671835743826 0.1637669591830894 85
1671835743850 0.16325204210504646 86
1671835743872 0.16287305460491602 87
1671835743896 0.16249550107411734 88
1671835743919 0.16201958821730925 89
1671835743945 0.16159845777395251 90
1671835743970 0.16121846781967059 91
1671835743994 0.1608563987041739 92
1671835744020 0.16051230115089232 93
1671835744045 0.1601257459059775 94
1671835744072 0.15985702808625435 95
1671835744095 0.15960205608350758 96
1671835744123 0.15934155828666519 97
1671835744149 0.158993181837656 98
1671835744175 0.15864676336509936 99
