1678053087215 0.9123890923527684 0
1678053087231 0.7056580504089313 1
1678053087248 0.583693475468801 2
1678053087263 0.5035458430172998 3
1678053087278 0.4483202379205862 4
1678053087294 0.4067988689132283 5
1678053087310 0.371489289364916 6
1678053087325 0.3456114674937404 7
1678053087340 0.32192551057293806 8
1678053087373 0.305731461157027 9
1678053087395 0.2892544525127963 10
1678053087417 0.2744809099237022 11
1678053087439 0.2625179680303334 12
1678053087458 0.2526695598013413 13
1678053087476 0.2426199682781834 14
1678053087496 0.2350340470457979 15
1678053087516 0.2273948879073767 16
1678053087534 0.22117100290563435 17
1678053087553 0.2148506222331468 18
1678053087612 0.20925649615246206 19
1678053087641 0.20470901130305258 20
1678053087664 0.20100997704132442 21
1678053087702 0.19603460181325566 22
1678053087724 0.19258843836509576 23
1678053087742 0.18908672601601537 24
1678053087761 0.18616732445654685 25
1678053087778 0.1836355714181898 26
1678053087796 0.18057273290352496 27
1678053087817 0.17830130506731492 28
1678053087861 0.17568611002524379 29
1678053087883 0.1739414647781095 30
1678053087908 0.1720583330409841 31
1678053087933 0.17093516188792646 32
1678053087974 0.1688565276221997 33
1678053088013 0.16708843796740447 34
1678053088062 0.16526523168926974 35
1678053088086 0.16421941067458395 36
1678053088112 0.16300492019926222 37
1678053088141 0.16230959776834142 38
1678053088173 0.16117328193553737 39
1678053088220 0.16012728651149916 40
1678053088264 0.1586066555755796 41
1678053088311 0.15792690822833355 42
1678053088361 0.1574903428091249 43
1678053088402 0.15664085164760017 44
1678053088428 0.1553702260858007 45
1678053088465 0.1549880525911989 46
1678053088495 0.15425432972854392 47
1678053088516 0.15400190226208865 48
1678053088553 0.15334101369944172 49
1678053088577 0.15275095505016134 50
1678053088611 0.15177049884631608 51
1678053088645 0.15150003972211473 52
1678053088712 0.15096387154779503 53
1678053088761 0.1504257343918035 54
1678053088802 0.1496171984752568 55
1678053088833 0.14901964430839731 56
1678053088868 0.14926843345708188 57
1678053088906 0.14864467031710846 58
1678053088923 0.14867201986763315 59
1678053088945 0.1479249176132795 60
1678053088965 0.14801473338645488 61
1678053089000 0.14744339153060002 62
1678053089023 0.14716722458029727 63
1678053089054 0.1470217339252038 64
1678053089074 0.14648107901162113 65
1678053089106 0.1464975134115627 66
1678053089124 0.14616132061996753 67
1678053089156 0.14560312008272552 68
1678053089178 0.1453548752074568 69
1678053089206 0.1453529102642292 70
1678053089225 0.1453498176839515 71
1678053089258 0.14484192654570663 72
1678053089279 0.14513284002488988 73
1678053089298 0.1449632821037513 74
1678053089318 0.14514717814311318 75
1678053089342 0.14461513392527933 76
1678053089367 0.144050963147763 77
1678053089388 0.14347155385679758 78
1678053089412 0.14398979591187833 79
1678053089438 0.1438411974424885 80
1678053089465 0.14360325450769854 81
1678053089487 0.14343700456627367 82
1678053089508 0.14294082049809687 83
1678053089529 0.14286713340212573 84
1678053089551 0.14258378536562674 85
1678053089566 0.14220980411052167 86
1678053089585 0.14264428911746996 87
1678053089605 0.14284312019746032 88
1678053089625 0.1423459637776468 89
1678053089646 0.14227176929641147 90
1678053089661 0.14233618222856223 91
1678053089679 0.14237281739179994 92
1678053089699 0.14238482834370678 93
1678053089719 0.1420829320209605 94
1678053089738 0.14245557002069217 95
1678053089755 0.14270326952380352 96
1678053089775 0.1428327028539892 97
1678053089802 0.14229704959099565 98
1678053089823 0.14196791591159377 99
